cluster_id,access_count
0,13
1,0
2,0
3,2
4,0
5,8
6,42
7,50
8,7
9,28
10,0
11,53
12,4
13,1
14,30
15,0
16,44
17,29
18,0
19,0
20,26
21,0
22,2
23,0
24,21
25,8
26,35
27,0
28,0
29,0
30,8
31,0
32,5
33,0
34,0
35,4
36,0
37,5
38,0
39,25
40,1
41,53
42,22
43,31
44,0
45,16
46,0
47,16
48,21
49,8
50,1
51,65
52,0
53,0
54,4
55,0
56,74
57,0
58,1
59,0
60,0
61,2
62,0
63,86
64,42
65,4
66,72
67,12
68,6
69,55
70,0
71,9
72,4
73,12
74,0
75,0
76,28
77,0
78,0
79,0
80,0
81,0
82,39
83,15
84,14
85,0
86,53
87,0
88,41
89,15
90,0
91,0
92,0
93,2
94,84
95,4
96,0
97,0
98,0
99,0
100,9
101,17
102,11
103,47
104,46
105,15
106,0
107,0
108,0
109,0
110,0
111,9
112,3
113,0
114,0
115,18
116,1
117,30
118,0
119,79
120,2
121,14
122,0
123,0
124,0
125,18
126,52
127,0
128,0
129,0
130,23
131,0
132,29
133,0
134,33
135,5
136,14
137,12
138,0
139,0
140,22
141,14
142,0
143,0
144,1
145,10
146,29
147,42
148,49
149,36
150,45
151,0
152,13
153,0
154,22
155,0
156,29
157,72
158,6
159,2
160,6
161,0
162,4
163,56
164,1
165,5
166,7
167,0
168,18
169,28
170,2
171,0
172,38
173,58
174,43
175,7
176,25
177,2
178,0
179,79
180,41
181,0
182,30
183,0
184,38
185,0
186,70
187,1
188,5
189,0
190,47
191,0
192,59
193,6
194,70
195,0
196,6
197,0
198,0
199,0
200,3
201,8
202,0
203,0
204,5
205,3
206,0
207,0
208,30
209,43
210,0
211,8
212,0
213,2
214,2
215,6
216,42
217,0
218,15
219,14
220,2
221,1
222,4
223,0
224,2
225,0
226,0
227,0
228,0
229,8
230,0
231,0
232,0
233,25
234,1
235,20
236,15
237,3
238,0
239,8
240,19
241,6
242,0
243,15
244,0
245,44
246,0
247,44
248,13
249,9
250,2
251,0
252,12
253,0
254,28
255,78
256,0
257,0
258,2
259,0
260,0
261,74
262,3
263,0
264,34
265,1
266,0
267,4
268,24
269,29
270,10
271,37
272,0
273,0
274,0
275,0
276,4
277,42
278,3
279,0
280,2
281,14
282,30
283,0
284,17
285,2
286,18
287,0
288,34
289,0
290,1
291,14
292,1
293,2
294,0
295,8
296,1
297,4
298,32
299,0
300,15
301,13
302,0
303,12
304,28
305,0
306,20
307,0
308,8
309,52
310,7
311,0
312,4
313,62
314,67
315,7
316,61
317,16
318,0
319,12
320,9
321,0
322,0
323,80
324,14
325,4
326,0
327,35
328,0
329,0
330,13
331,54
332,0
333,22
334,9
335,0
336,0
337,15
338,6
339,0
340,3
341,1
342,6
343,0
344,0
345,16
346,24
347,4
348,53
349,0
350,0
351,7
352,0
353,25
354,79
355,49
356,30
357,44
358,0
359,0
360,0
361,9
362,6
363,41
364,0
365,0
366,27
367,0
368,42
369,5
370,7
371,10
372,21
373,0
374,1
375,9
376,52
377,52
378,0
379,0
380,0
381,37
382,0
383,0
384,0
385,38
386,0
387,2
388,28
389,0
390,12
391,45
392,4
393,6
394,44
395,81
396,0
397,0
398,79
399,2
400,0
401,11
402,19
403,0
404,0
405,70
406,2
407,21
408,2
409,3
410,4
411,3
412,18
413,0
414,11
415,0
416,78
417,5
418,15
419,34
420,11
421,45
422,0
423,22
424,8
425,39
426,0
427,28
428,0
429,0
430,18
431,1
432,0
433,0
434,0
435,0
436,11
437,19
438,37
439,9
440,9
441,38
442,57
443,0
444,0
445,39
446,0
447,3
448,8
449,0
450,57
451,0
452,22
453,0
454,5
455,3
456,13
457,15
458,26
459,0
460,30
461,25
462,5
463,27
464,92
465,0
466,87
467,42
468,0
469,0
470,0
471,26
472,58
473,51
474,27
475,1
476,24
477,0
478,35
479,51
480,6
481,0
482,15
483,0
484,16
485,26
486,35
487,36
488,0
489,0
490,4
491,21
492,4
493,0
494,8
495,23
496,0
497,0
498,0
499,51
500,13
501,0
502,78
503,6
504,47
505,57
506,39
507,0
508,4
509,6
510,47
511,0
512,21
513,0
514,0
515,27
516,0
517,3
518,50
519,8
520,0
521,11
522,7
523,9
524,22
525,20
526,0
527,0
528,18
529,17
530,22
531,51
532,0
533,0
534,0
535,0
536,0
537,0
538,33
539,4
540,25
541,1
542,0
543,0
544,0
545,0
546,3
547,0
548,21
549,4
550,52
551,0
552,0
553,40
554,0
555,0
556,0
557,8
558,6
559,54
560,18
561,28
562,0
563,26
564,2
565,51
566,12
567,50
568,9
569,22
570,23
571,23
572,41
573,1
574,0
575,0
576,12
577,19
578,0
579,0
580,16
581,29
582,0
583,18
584,0
585,15
586,29
587,0
588,8
589,17
590,12
591,40
592,71
593,67
594,16
595,43
596,3
597,6
598,24
599,0
600,18
601,1
602,0
603,5
604,0
605,0
606,23
607,73
608,21
609,0
610,32
611,0
612,2
613,7
614,0
615,0
616,64
617,6
618,20
619,0
620,0
621,0
622,3
623,0
624,0
625,6
626,17
627,0
628,0
629,0
630,18
631,41
632,55
633,2
634,26
635,16
636,2
637,9
638,0
639,0
640,0
641,0
642,0
643,0
644,17
645,2
646,36
647,2
648,45
649,16
650,0
651,8
652,0
653,10
654,0
655,0
656,0
657,0
658,0
659,14
660,1
661,3
662,0
663,1
664,0
665,4
666,25
667,0
668,15
669,29
670,10
671,10
672,10
673,16
674,0
675,9
676,9
677,13
678,83
679,6
680,0
681,31
682,31
683,0
684,0
685,61
686,0
687,16
688,20
689,41
690,0
691,0
692,5
693,0
694,41
695,40
696,13
697,4
698,7
699,0
700,58
701,23
702,28
703,30
704,0
705,0
706,0
707,3
708,15
709,7
710,4
711,0
712,0
713,0
714,0
715,54
716,0
717,0
718,4
719,11
720,3
721,9
722,13
723,0
724,5
725,0
726,0
727,13
728,23
729,1
730,0
731,5
732,44
733,15
734,0
735,1
736,83
737,13
738,0
739,68
740,0
741,31
742,0
743,0
744,15
745,3
746,0
747,23
748,0
749,0
750,0
751,0
752,3
753,14
754,32
755,43
756,5
757,26
758,21
759,22
760,45
761,5
762,0
763,81
764,37
765,29
766,0
767,4
768,12
769,19
770,0
771,2
772,87
773,25
774,32
775,2
776,0
777,40
778,35
779,0
780,39
781,29
782,0
783,0
784,7
785,10
786,17
787,18
788,0
789,0
790,9
791,3
792,25
793,62
794,3
795,3
796,34
797,0
798,4
799,53
800,0
801,0
802,30
803,13
804,20
805,14
806,41
807,34
808,115
809,1
810,31
811,0
812,3
813,0
814,0
815,17
816,30
817,4
818,0
819,15
820,54
821,39
822,22
823,0
824,6
825,27
826,0
827,59
828,66
829,0
830,0
831,0
832,3
833,0
834,4
835,80
836,79
837,13
838,0
839,0
840,0
841,36
842,3
843,0
844,35
845,13
846,9
847,0
848,0
849,7
850,0
851,0
852,0
853,2
854,0
855,0
856,0
857,17
858,50
859,0
860,3
861,0
862,46
863,0
864,16
865,1
866,21
867,33
868,9
869,0
870,49
871,16
872,49
873,34
874,23
875,16
876,35
877,16
878,0
879,3
880,6
881,0
882,21
883,8
884,28
885,0
886,0
887,0
888,2
889,0
890,11
891,1
892,12
893,64
894,0
895,0
896,0
897,80
898,0
899,0
900,0
901,0
902,24
903,40
904,0
905,15
906,3
907,0
908,36
909,2
910,3
911,0
912,3
913,30
914,30
915,14
916,12
917,0
918,0
919,6
920,8
921,0
922,12
923,43
924,66
925,0
926,57
927,6
928,1
929,31
930,24
931,7
932,0
933,0
934,9
935,55
936,35
937,0
938,15
939,0
940,0
941,0
942,15
943,7
944,0
945,0
946,0
947,5
948,19
949,29
950,58
951,13
952,0
953,7
954,0
955,3
956,64
957,42
958,4
959,30
960,0
961,0
962,14
963,2
964,0
965,3
966,27
967,5
968,47
969,0
970,0
971,32
972,41
973,0
974,20
975,4
976,20
977,20
978,0
979,18
980,3
981,20
982,37
983,26
984,2
985,18
986,0
987,32
988,25
989,47
990,0
991,1
992,43
993,0
994,1
995,17
996,0
997,0
998,19
999,58
1000,0
1001,4
1002,12
1003,3
1004,0
1005,0
1006,12
1007,70
1008,0
1009,22
1010,14
1011,0
1012,0
1013,5
1014,38
1015,33
1016,10
1017,34
1018,0
1019,18
1020,0
1021,0
1022,8
1023,48
